#This file was generated on Sun Feb  5 20:24:28 2023
#Using the somd command, of the molecular library Sire version <2023.1.1> 
#For more information visit: https://github.com/michellab/Sire
#
#General information on simulation parameters:
#Simulation used 1250 moves, 10 cycles and 50 ps of simulation time
#Generating lambda is		 0.50000
#Alchemical array is     (0.0, 0.125, 0.25, 0.375, 0.5, 0.625, 0.75, 0.875, 1.0)
#Generating temperature is 	298 K
#Energy was saved every 250 steps 
#
#
#   [step]      [potential kcal/mol]       [gradient kcal/mol]      [forward Metropolis]     [backward Metropolis]                   [u_kl]
250 -1.25397602e+04 1.44760708e+01 9.85526040e-01 1.01447619e+00 -5.816762606647561e+00 -1.759040995988463e+01 -2.335449626224484e+01 -2.578839279057481e+01 -2.540862931065829e+01 -2.208319319789523e+01 -1.548794161302425e+01 -5.244973452779386e+00 9.055741636975069e+00
500 -1.24638733e+04 2.53026168e+01 9.74904403e-01 1.02550931e+00 1.739633896262674e+00 -7.991533967260413e+00 -1.235798499921477e+01 -1.353194887332207e+01 -1.184642744257770e+01 -7.112806318659890e+00 1.005368194241309e+00 1.288445189732605e+01 2.892550551235586e+01
750 -1.23690167e+04 2.47735021e+01 9.75417058e-01 1.02496335e+00 -8.352439531304084e-01 -1.307434307509922e+01 -1.831512346191432e+01 -1.981814868508516e+01 -1.825609810272604e+01 -1.354564154049059e+01 -5.381911874028019e+00 6.602362870178029e+00 2.280879020279562e+01
1000 -1.23056047e+04 2.00114267e+01 9.80090045e-01 1.02011159e+00 -2.451672308710333e+01 -3.306365699175651e+01 -3.761670713281150e+01 -3.933529956308760e+01 -3.829077749638810e+01 -3.422332635824100e+01 -2.677669421585178e+01 -1.556929265157131e+01 -1.984242663814677e-01
1250 -1.22099864e+04 1.95589038e+00 9.97960476e-01 1.00187192e+00 2.571134071610685e+01 6.397209099604953e+00 -2.441994818237020e+00 -6.768762301957278e+00 -7.992140195313336e+00 -6.233449193424323e+00 -1.242583100894348e+00 7.336293215696800e+00 1.990725882877982e+01
1500 -1.21048784e+04 1.58961213e+01 9.84113392e-01 1.01590322e+00 1.523594195214226e+01 -7.747817194893074e+00 -1.660908264951075e+01 -1.979466037258279e+01 -1.941745076880986e+01 -1.580739846034999e+01 -8.778624322284129e+00 2.003188580225011e+00 1.693463424996686e+01
1750 -1.20450874e+04 4.61516998e+00 9.95300168e-01 1.00452966e+00 3.516103491256469e+00 -1.046332360716034e+01 -1.764687168501441e+01 -2.130219432984785e+01 -2.213545866067453e+01 -2.007000357748224e+01 -1.479406406950223e+01 -5.929506271261673e+00 6.942452299562423e+00
2000 -1.19909237e+04 1.48215685e+01 9.85164833e-01 1.01480536e+00 1.415157317699423e+01 -8.643849708746592e+00 -1.754432794244667e+01 -2.082208097407222e+01 -2.056687520363417e+01 -1.710295482667387e+01 -1.023995699297252e+01 3.610900807476216e-01 1.510411270704423e+01
2250 -1.19498223e+04 -1.07459113e+01 1.01070816e+00 9.89217962e-01 6.087116047550033e+01 2.020670222017655e+01 4.339380647446938e+00 -3.083966693774845e+00 -6.184935831862335e+00 -5.842934595802292e+00 -2.034725973729776e+00 5.518263464374030e+00 1.719235197464413e+01
2500 -1.18885033e+04 1.31608426e+01 9.86820179e-01 1.01313982e+00 4.037289872237702e+00 -1.134343714049715e+01 -1.830168243933644e+01 -2.117882697373558e+01 -2.101190148624410e+01 -1.782942467358684e+01 -1.135458389264053e+01 -1.221999011485794e+00 1.298118349535781e+01
2750 -1.18334001e+04 7.91024234e+00 9.91992773e-01 1.00781138e+00 6.628318577976131e+01 3.592065649873501e+00 -1.625649190706174e+01 -2.299867919046601e+01 -2.407238197287505e+01 -2.123128614381581e+01 -1.468819940409001e+01 -4.226349505924702e+00 1.052132406563799e+01
3000 -1.17264824e+04 2.49485318e+01 9.75255780e-01 1.02515268e+00 2.597964585042935e+01 8.696026078033173e-02 -8.862701292379732e+00 -1.133185695290076e+01 -9.926643914317346e+00 -5.102060876181740e+00 3.297123442081735e+00 1.559930622254432e+01 3.220516538320035e+01
3250 -1.16926400e+04 -1.75630779e+01 1.01760028e+00 9.82476388e-01 1.125118607683331e+02 4.232498638389045e+01 1.934839058677328e+01 9.892713160669020e+00 5.828546752234201e+00 5.282941343630356e+00 8.029431982521739e+00 1.429026221391215e+01 2.443691485421281e+01
3500 -1.16561470e+04 2.34619129e+01 9.76702196e-01 1.02362509e+00 4.287374026526412e+01 1.327621182929438e+01 3.592556227836619e+00 9.238341913917725e-01 2.169139864581156e+00 6.769504972030839e+00 1.485969074147470e+01 2.676615359981542e+01 4.288759868716664e+01
3750 -1.15923117e+04 1.68483422e+01 9.83181903e-01 1.01687638e+00 1.947069469513282e+01 3.935727670785931e+00 -2.799465179753168e+00 -5.327214938711460e+00 -4.733730229063933e+00 -1.054918536384528e+00 5.986921075550849e+00 1.675915307225095e+01 3.167492917429753e+01
4000 -1.15575253e+04 1.41762317e+01 9.85817954e-01 1.01416832e+00 3.609497137279052e+01 2.213471976485683e+01 1.554152316424010e+01 1.274215674757457e+01 1.299322157760901e+01 1.636150884300256e+01 2.314725884408459e+01 3.371551383527530e+01 4.846709983129193e+01
4250 -1.15475079e+04 2.57342131e+01 9.74499946e-01 1.02596908e+00 2.967105097877496e+01 1.612051722858602e+01 1.055132895763310e+01 9.010846379486441e+00 1.065366131782803e+01 1.551710193919238e+01 2.389286559790019e+01 3.614386367052870e+01 5.267172355698724e+01
4500 -1.14652136e+04 9.69441322e+00 9.90249909e-01 1.00963703e+00 3.720080307500682e+01 2.431718257050723e+01 1.786385675293975e+01 1.483884034260949e+01 1.463095412891061e+01 1.734534832830733e+01 2.329901497938907e+01 3.286837053773316e+01 4.646522351546071e+01
4750 -1.14797332e+04 -1.29499193e+01 1.01293162e+00 9.87033674e-01 6.434798194422117e+01 3.485852330269968e+01 2.209464472239282e+01 1.552373423618845e+01 1.241821744798211e+01 1.226861437704712e+01 1.521230305033592e+01 2.157424559935330e+01 3.175622436481007e+01
5000 -1.13907349e+04 -2.66059394e+00 1.00255624e+00 9.97235621e-01 5.310811154301368e+01 2.339702066737539e+01 1.143342730323281e+01 5.957106727443342e+00 4.085111711797967e+00 5.276835036267244e+00 9.666856374292614e+00 1.758374584200250e+01 2.943443913737788e+01
5250 -1.13393167e+04 1.55777381e+01 9.84436537e-01 1.01558991e+00 5.291112855898619e+00 -1.792739055333991e+01 -2.705481858217886e+01 -3.040738163857273e+01 -3.010962381268203e+01 -2.650390075605624e+01 -1.940924280395591e+01 -8.493094147541203e+00 6.645192578631177e+00
5500 -1.13537147e+04 -2.86554221e-01 1.00019131e+00 9.99618259e-01 3.508740604484100e+01 1.771733348554291e+01 9.063102012805585e+00 4.537308528360048e+00 3.039595818362010e+00 4.521974217597792e+00 9.253234886233983e+00 1.759407484256158e+01 2.995319480526835e+01
5750 -1.12959650e+04 5.20174654e+00 9.94712167e-01 1.00511467e+00 6.391214925185354e+01 4.705154632727826e+01 3.901810416666245e+01 3.514329077428162e+01 3.431999801782871e+01 3.650521729813050e+01 4.197334450287746e+01 5.108968145631177e+01 6.426731554950992e+01
6000 -1.12956827e+04 1.28278745e+01 9.87147974e-01 1.01280167e+00 1.897116261460351e+01 5.788894041742282e+00 -8.639067935045710e-01 -3.866132909540009e+00 -3.803750535038720e+00 -5.769343542639090e-01 6.118359836443483e+00 1.664434585829355e+01 3.139634015202852e+01
6250 -1.12612136e+04 1.93587308e+01 9.80709642e-01 1.01942487e+00 3.466694641928110e+01 1.857658440461223e+01 1.168636877589736e+01 9.225547835347967e+00 1.005792267357956e+01 1.412039717581997e+01 2.166953064040613e+01 3.305510752770036e+01 4.867235009029483e+01
6500 -1.12089304e+04 -2.14110543e+01 1.02154579e+00 9.78724435e-01 7.102409395908477e+01 5.353424142617777e+01 4.315769969841512e+01 3.633834107092640e+01 3.228986976816842e+01 3.105348361165558e+01 3.291788400069176e+01 3.824325649605102e+01 4.742703107368084e+01
6750 -1.11611722e+04 3.75308239e+01 9.63060980e-01 1.03813216e+00 1.823958503115021e+01 1.089612594063357e+01 8.069105493694909e+00 8.318675453077811e+00 1.148549718399404e+01 1.780590996874781e+01 2.763355601788072e+01 4.135352270270852e+01 5.937641416250313e+01
7000 -1.12137624e+04 3.03452818e+01 9.70000574e-01 1.03069357e+00 2.489736845584351e+01 1.503321721819207e+01 1.090643207968183e+01 1.018979605567366e+01 1.245749720358896e+01 1.786676554806643e+01 2.674883120802495e+01 3.948361671301399e+01 5.648133853063399e+01
7250 -1.11981397e+04 2.21704921e-01 9.99682770e-01 1.00012614e+00 4.603379284452847e+01 3.333360178363634e+01 2.605633050375757e+01 2.192956119240887e+01 2.054970218551275e+01 2.207701052931894e+01 2.683929535157642e+01 3.521129419967912e+01 4.759689000392402e+01
7500 -1.11214392e+04 1.62769371e+01 9.83735734e-01 1.01628711e+00 7.158462573566575e+01 2.330104206076825e+01 7.366720611617350e+00 2.260509346501073e+00 2.311609726490422e+00 6.178647483331330e+00 1.375283324151909e+01 2.528050466787319e+01 4.113846058063662e+01
7750 -1.11303145e+04 9.08362469e-01 9.98995536e-01 1.00081209e+00 3.425740948551762e+01 1.676028876219317e+01 8.269431344863129e+00 3.929710047165363e+00 2.596191860644689e+00 4.216917262208629e+00 9.062816589177661e+00 1.749720146935614e+01 2.993189167776504e+01
8000 -1.11334601e+04 2.16460378e+01 9.78472635e-01 1.02176305e+00 1.209623194490551e+01 -8.798609426648694e+00 -1.669942281706052e+01 -1.917352555315666e+01 -1.809835904134834e+01 -1.373352068997660e+01 -5.868649538960971e+00 5.841389718976898e+00 2.180067813083165e+01
8250 -1.10764512e+04 1.93519386e+01 9.80731277e-01 1.01943351e+00 9.707678570519585e+00 2.324590736015529e-01 -4.722891172918851e+00 -6.645295550421380e+00 -5.714743404798696e+00 -1.702615172175728e+00 5.741539939581413e+00 1.700104702782971e+01 3.248640969717873e+01
8500 -1.10548171e+04 2.80296724e+01 9.72209737e-01 1.02826779e+00 1.394312869121898e+02 2.129189493232731e+01 -9.631237741952496e+00 -1.704681977713885e+01 -1.612619081913403e+01 -1.053099592445100e+01 -9.620831660569091e-01 1.267609596262997e+01 3.072560600029095e+01
8750 -1.10285106e+04 6.96039224e+00 9.92950474e-01 1.00686978e+00 4.657720984279368e+01 2.445528242248972e+01 1.503725231593037e+01 1.091814961369379e+01 1.022316048399892e+01 1.268323752648431e+01 1.850299178084057e+01 2.802463825187385e+01 4.165232631317005e+01
9000 -1.10140846e+04 -8.53579354e+00 1.00845187e+00 9.91382111e-01 7.790980738349100e+01 3.081285682625196e+01 1.338853383140682e+01 5.746718541245798e+00 2.828383958051837e+00 3.497294647672963e+00 7.708633758494401e+00 1.572637061325932e+01 2.792771571669212e+01
9250 -1.10351365e+04 1.35202737e+01 9.86463821e-01 1.01350226e+00 3.043009219693236e+01 1.190170951546826e+01 3.931804363657915e+00 6.945960845062045e-01 7.991031988240098e-01 4.118859480402977e+00 1.089479681828184e+01 2.147347699464762e+01 3.625085329002825e+01
9500 -1.10583788e+04 -7.67166177e+00 1.00759584e+00 9.92253970e-01 3.465001320010425e+01 1.590352294611905e+01 6.512762231834414e+00 1.277864569489459e+00 -1.060150703719851e+00 -5.861350948698865e-01 2.964799110152128e+00 9.958205321808350e+00 2.080970052205699e+01
9750 -1.09906057e+04 3.14280405e+01 9.68950645e-01 1.03180994e+00 3.642721923553184e+01 1.750285138450218e+01 1.068852712495583e+01 9.232691676596437e+00 1.144842347899473e+01 1.711891232703432e+01 2.646115238496241e+01 3.981804968766232e+01 5.759182347823402e+01
10000 -1.10398031e+04 5.66146288e+00 9.94238139e-01 1.00555980e+00 3.882312763102482e+01 1.779534809200030e+01 8.467228106406635e+00 4.209406026042321e+00 3.344322979108686e+00 5.655302581530625e+00 1.136008726177269e+01 2.080272673584065e+01 3.438736254734280e+01
10250 -1.09708323e+04 -9.60517817e-01 1.00082382e+00 9.98903050e-01 1.838474443157564e+02 7.174312406783176e+01 4.137982833295109e+01 3.183150407070283e+01 2.947276142053918e+01 3.119559766290408e+01 3.647517732840613e+01 4.545872811735971e+01 5.849604117653843e+01
10500 -1.09872099e+04 1.54900887e+01 9.84525256e-01 1.01550340e+00 4.272509823446889e+01 2.205272881490354e+01 1.376898332477457e+01 1.069100158588608e+01 1.104339853406657e+01 1.459261755775902e+01 2.155388102638851e+01 3.227123387343867e+01 4.714651096236037e+01
10750 -1.09896269e+04 7.97003937e+00 9.91964146e-01 1.00790283e+00 7.631440567361341e+00 -7.107421739019016e+00 -1.437249208701684e+01 -1.783474873138756e+01 -1.831379569590235e+01 -1.577304593151608e+01 -9.920330572931890e+00 -3.900759965871656e-01 1.322405036947772e+01
11000 -1.09732817e+04 3.48173080e+00 9.96404643e-01 1.00336728e+00 7.406157816961371e+01 3.287914891100404e+01 1.768590418126227e+01 1.163227908866498e+01 1.021443341189230e+01 1.240015807965108e+01 1.816532283274403e+01 2.777926866203934e+01 4.162563789253581e+01
11250 -1.09774654e+04 -1.29855564e+00 1.00119003e+00 9.98593197e-01 6.370818878612754e+01 3.107535726144911e+01 1.806880168315029e+01 1.227913807814854e+01 1.044885798273036e+01 1.191163082083263e+01 1.675502216351006e+01 2.528529849186868e+01 3.789746197541705e+01
11500 -1.09401819e+04 3.02678542e+01 9.70061856e-01 1.03059908e+00 5.615692170588160e+01 1.203893636060174e+01 -1.385474947709704e+00 -4.553127351823941e+00 -2.726787796712808e+00 2.888958926323725e+00 1.222783451216441e+01 2.554815519745350e+01 4.322567153859232e+01
11750 -1.09615992e+04 -1.46758599e+01 1.01467493e+00 9.85325314e-01 4.374107917506966e+01 2.079712784683345e+01 9.614781713484684e+00 3.195951115436812e+00 -9.475763134466807e-02 -4.332288796405129e-01 2.415079302294977e+00 8.799384736585708e+00 1.912024178314751e+01
12000 -1.09297039e+04 9.00561103e+00 9.90932280e-01 1.00894188e+00 1.243719943106472e+01 9.753686247652789e-01 -5.185181583350518e+00 -8.219042751540437e+00 -8.505884140553471e+00 -5.870478420134337e+00 2.803683449005388e-02 9.575891859439464e+00 2.319171293461886e+01
12250 -1.08897384e+04 1.54236636e+01 9.84584709e-01 1.01542981e+00 4.606866743317770e+01 2.638286593917386e+01 1.844939065582733e+01 1.547466721244259e+01 1.584029294573662e+01 1.937155667895473e+01 2.630670003755142e+01 3.700032873408588e+01 5.185861637338843e+01
12500 -1.09731183e+04 2.96620069e+00 9.96923975e-01 1.00285571e+00 1.131766549600559e+02 4.455947430283457e+01 2.373306210549622e+01 1.661214970299635e+01 1.503556568219838e+01 1.713687737082716e+01 2.269652322635624e+01 3.194186949047428e+01 4.524577486230019e+01
