#This file was generated on Sun Feb  5 20:24:25 2023
#Using the somd command, of the molecular library Sire version <2023.1.1> 
#For more information visit: https://github.com/michellab/Sire
#
#General information on simulation parameters:
#Simulation used 1250 moves, 10 cycles and 50 ps of simulation time
#Generating lambda is		 0.12500
#Alchemical array is     (0.0, 0.125, 0.25, 0.375, 0.5, 0.625, 0.75, 0.875, 1.0)
#Generating temperature is 	298 K
#Energy was saved every 250 steps 
#
#
#   [step]      [potential kcal/mol]       [gradient kcal/mol]      [forward Metropolis]     [backward Metropolis]                   [u_kl]
250 -1.25073337e+04 -4.73490985e+00 1.00456115e+00 9.95093034e-01 -4.147933726555174e+01 -4.548083596516962e+01 -4.382666742915310e+01 -3.848220304044742e+01 -2.975438814151522e+01 -1.744801731628323e+01 -1.219963542121271e+00 1.931290727899691e+01 4.456100210418276e+01
500 -1.24407917e+04 3.26843274e+00 9.96599005e-01 1.00313498e+00 -3.669190667332382e+01 -3.830996459449842e+01 -3.624714341345827e+01 -3.102540059428116e+01 -2.252303056569284e+01 -1.042165731940385e+01 5.652630649487678e+00 2.608663183180494e+01 5.128347605670583e+01
750 -1.23877879e+04 -1.53504149e+00 1.00138592e+00 9.98316298e-01 -2.826472685245372e+01 -3.078275527856264e+01 -2.919610689012123e+01 -2.435364664709372e+01 -1.623835359791676e+01 -4.561705732246197e+00 1.104375387487292e+01 3.096566621203579e+01 5.561281738909835e+01
1000 -1.23120429e+04 4.47602773e+00 9.95380496e-01 1.00433120e+00 -3.293329041528461e+00 -4.998714612582438e+00 -2.573149587078705e+00 3.400796688004259e+00 1.300515251214469e+01 2.653284027781979e+01 4.433915907165024e+01 6.679575660933297e+01 9.429280359971344e+01
1250 -1.22483786e+04 -1.06359871e+01 1.01049590e+00 9.89227668e-01 8.206225092466738e+00 3.574614087963033e+00 4.453809019096893e+00 9.026270479228053e+00 1.703496954811711e+01 2.868532224363895e+01 4.431774437909380e+01 6.430934190498293e+01 8.906116375124074e+01
1500 -1.21909755e+04 -7.53536814e+00 1.00740487e+00 9.92336367e-01 -1.638409417887309e+00 -5.388816894110035e+00 -4.349678761926122e+00 1.146412223606729e-01 7.860989531047498e+00 1.912852544180675e+01 3.427037794114893e+01 5.367060219470327e+01 7.773796837726813e+01
1750 -1.20982256e+04 1.25784749e+00 9.98605990e-01 1.00112134e+00 -9.481034109005443e-01 -2.939140050125864e+00 -1.077628722926817e+00 3.979451514144026e+00 1.231080113075405e+01 2.422331024630569e+01 4.008928124458728e+01 6.029659692147734e+01 8.525164546761448e+01
2000 -1.20125670e+04 8.96104447e+00 9.90883840e-01 1.00880264e+00 -6.198242755296641e+00 -8.984608404767924e+00 -5.303462049345370e+00 2.549052238508252e+00 1.416364310431984e+01 2.970164987368477e+01 4.949331655295817e+01 7.391572242361499e+01 1.033766128838724e+02
2250 -1.19808511e+04 2.02586138e+01 9.79790221e-01 1.02030381e+00 -2.488235745505238e+00 -2.524610950530890e+00 1.962359752813767e+00 9.997537502844297e+00 2.155665812906741e+01 3.691554326804189e+01 5.643885499887762e+01 8.051394255128997e+01 1.095505994762591e+02
2500 -1.18937442e+04 1.38360001e+01 9.86125553e-01 1.01379468e+00 2.373493493147459e+00 1.895524074677635e+00 5.386779011873575e+00 1.219728925497944e+01 2.241104276579952e+01 3.633784744774061e+01 5.435177589706644e+01 7.684195239464407e+01 1.042158073583803e+02
2750 -1.18643851e+04 1.79916896e+01 9.82019367e-01 1.01799920e+00 -2.020782994327221e+01 -1.997012791235537e+01 -1.602258008916211e+01 -8.778004231373231e+00 1.916797172599419e+00 1.638968591221730e+01 3.501709507350433e+01 5.818611450635644e+01 8.630019375408583e+01
3000 -1.17668041e+04 2.38352853e+01 9.76287633e-01 1.02395496e+00 -1.617560845970968e+01 -1.567066733518456e+01 -1.078255352395100e+01 -2.392079876929649e+00 9.515062990086905e+00 2.523006702801962e+01 4.512417680909673e+01 6.958810605001111e+01 9.903318001461108e+01
3250 -1.17513328e+04 4.21287080e+00 9.95647937e-01 1.00407245e+00 -1.807974448450952e+01 -1.974555879653597e+01 -1.751010241180129e+01 -1.210265003052858e+01 -3.466453796049424e+00 8.701494355566178e+00 2.477549164339297e+01 4.514713896957706e+01 7.022690630754316e+01
3500 -1.16726032e+04 -2.47775659e+01 1.02485474e+00 9.75305767e-01 -5.560782609466628e+00 -1.279651927499112e+01 -1.329525012506129e+01 -9.722541478224477e+00 -2.615617735517478e+00 8.143159496550572e+00 2.286859068323012e+01 4.193096887826437e+01 6.573681201905367e+01
3750 -1.16490968e+04 -4.34070449e+00 1.00420031e+00 9.95520171e-01 -2.169205415978520e+00 -4.979959242791744e+00 -3.789344662676903e+00 5.799623014371791e-01 8.152752880710555e+00 1.921967885588350e+01 3.414892058072275e+01 5.332810191777870e+01 7.716611674106586e+01
4000 -1.15787361e+04 -9.18198290e+00 1.00905557e+00 9.90694417e-01 -8.690629472482302e+00 -1.237884893766176e+01 -1.166833071493440e+01 -7.652404088992721e+00 -3.823538136883287e-01 1.041198029681475e+01 2.509407920894168e+01 4.405097851941378e+01 6.769422675964795e+01
4250 -1.15077519e+04 8.48742894e+00 9.91360686e-01 1.00833253e+00 -1.414600945421556e+01 -1.639361627432707e+01 -1.308793915536804e+01 -6.014656170303648e+00 4.570173055891075e+00 1.887759723028075e+01 3.725650245000357e+01 6.009241485722826e+01 8.779805334469836e+01
4500 -1.14206854e+04 2.17876576e+01 9.78315736e-01 1.02188861e+00 -7.784857757126407e+00 -7.109580366902912e+00 -2.679393696672077e+00 5.038713350346290e+00 1.617950317007300e+01 3.106745606447898e+01 5.008109798967859e+01 7.361130396166166e+01 1.020661937062863e+02
4750 -1.14057301e+04 1.71911295e+00 9.98108793e-01 1.00154642e+00 3.000417299065067e+00 7.060600328373575e-01 2.810905574744699e+00 8.334949114755327e+00 1.725792635174675e+01 2.985630790782524e+01 4.649305836428356e+01 6.755296322438952e+01 9.344236187833364e+01
5000 -1.14049008e+04 -2.51835051e+01 1.02534015e+00 9.74975830e-01 1.340478811946624e+01 7.425091937168300e+00 6.204547224358261e+00 8.242884772133188e+00 1.336226986060008e+01 2.179595785473159e+01 3.389883405769099e+01 5.005836385444663e+01 7.068858384142057e+01
5250 -1.13377137e+04 -7.68782600e+00 1.00751575e+00 9.92143025e-01 -1.004998985407797e+01 -1.448242568652762e+01 -1.321074509534338e+01 -8.340201423996984e+00 -2.275827452466242e-01 1.131115443234135e+01 2.662171945328114e+01 4.609397835996368e+01 7.014736921628932e+01
5500 -1.13349628e+04 2.28036032e-01 9.99613028e-01 1.00006903e+00 -1.828947199163780e+01 -2.092044423220893e+01 -1.896639742020606e+01 -1.359583672736771e+01 -4.872998795638730e+00 7.467137843604617e+00 2.378385138551792e+01 4.446051258175925e+01 6.990217120934727e+01
5750 -1.12892751e+04 -1.22245690e+01 1.01203969e+00 9.87596224e-01 2.021304367528800e+01 1.351822155255770e+01 1.507944542446693e+01 2.127734646189698e+01 3.131126680383224e+01 4.522778605017225e+01 6.332576681089027e+01 8.597543952135069e+01 1.135862188623056e+02
6000 -1.12758349e+04 2.31845986e+00 9.97473548e-01 1.00210949e+00 -1.635256243707109e+01 -2.000397553623235e+01 -1.715057235744537e+01 -1.013257392964533e+01 6.338697484377909e-01 1.530355323919362e+01 3.419901033567633e+01 5.768931034962893e+01 8.617328379515087e+01
6250 -1.13066469e+04 -4.65669671e+00 1.00443715e+00 9.95125859e-01 4.655252981617494e+00 -3.423077676031486e-01 1.794164816615019e+00 8.116522603141917e+00 1.801394696554609e+01 3.159140515389103e+01 4.916859794595570e+01 7.112543453825583e+01 9.787808316906882e+01
6500 -1.12876633e+04 -2.45711980e+01 1.02448301e+00 9.75354494e-01 2.093045666712752e+01 9.791770730934013e+00 1.103148679623667e+01 1.806539775926783e+01 2.927865587632175e+01 4.448358816297455e+01 6.390923291396799e+01 8.790424976501350e+01 1.168735241760730e+02
6750 -1.12455152e+04 -9.96579701e+00 1.00980127e+00 9.89873576e-01 9.219724903089412e+00 3.930710982126908e+00 5.257595212672245e+00 1.065565476343696e+01 1.962357905638872e+01 3.229205541755592e+01 4.898217593991343e+01 7.006876287128455e+01 9.596145281517903e+01
7000 -1.12525624e+04 -3.35391025e+00 1.00318816e+00 9.96481470e-01 1.579650636794040e+01 1.252461647088769e+01 1.412744357482359e+01 1.922969676807235e+01 2.768693052770477e+01 3.974121202351656e+01 5.574956938115554e+01 7.609928340406580e+01 1.012032011278141e+02
7250 -1.11866819e+04 8.51730174e-01 9.99014086e-01 1.00071732e+00 -1.880057475544229e+01 -2.098980636639067e+01 -1.915670229816106e+01 -1.416484197535501e+01 -5.981502611495014e+00 5.690660031543652e+00 2.122239816920441e+01 4.100192515506609e+01 6.543660692572776e+01
7500 -1.11730460e+04 -6.03488980e+00 1.00588830e+00 9.93820428e-01 6.683712666697185e+00 3.146571117118955e+00 4.339964764122060e+00 8.890689039121948e+00 1.665741692046326e+01 2.788333078741434e+01 4.292586797586456e+01 6.217289457329752e+01 8.603711002638164e+01
7750 -1.11193842e+04 2.46319647e+01 9.75517516e-01 1.02477878e+00 -1.630952047198625e+00 -9.371480899605121e-01 4.028644054200707e+00 1.250625901199055e+01 2.453944823234971e+01 4.042225914052651e+01 6.052088262323776e+01 8.521952804057331e+01 1.149226041699448e+02
8000 -1.11566632e+04 9.28573626e+00 9.90485329e-01 1.00905197e+00 4.306677508187639e+00 9.835404497755687e-02 4.424047787457599e+00 1.347769700381364e+01 2.644007330302030e+01 4.335929065318351e+01 6.453579200102992e+01 9.034027966742431e+01 1.211819715522243e+02
8250 -1.10691634e+04 1.22139494e+01 9.87715262e-01 1.01214018e+00 -1.377661384747752e+01 -1.450866247823429e+01 -1.120143989823395e+01 -4.577287264306133e+00 5.418457390510485e+00 1.908739028869941e+01 3.680289761710492e+01 5.895578572684893e+01 8.595753430038391e+01
8500 -1.11065393e+04 8.64433695e+00 9.91203119e-01 1.00848870e+00 3.132086179438347e+01 2.948501721374169e+01 3.264147146787310e+01 3.940149864417076e+01 4.961931726173455e+01 6.353785089366676e+01 8.151514971317303e+01 1.039394765603212e+02 1.312243106049274e+02
8750 -1.11124557e+04 3.84496649e+01 9.62136432e-01 1.03904322e+00 -8.976215581711545e+00 -6.793585804006232e+00 1.302201026030845e-02 1.045107044643376e+01 2.449506834333193e+01 4.242576953813303e+01 6.461382196951824e+01 9.145246645358102e+01 1.233578973855383e+02
9000 -1.10777408e+04 -5.91715604e+00 1.00574663e+00 9.93914464e-01 1.717317110910705e+01 1.281284799764533e+01 1.439601695366911e+01 1.973470864172599e+01 2.846104431162722e+01 4.075177785557433e+01 5.694351354740045e+01 7.741654667951236e+01 1.025792790851064e+02
9250 -1.10929148e+04 -1.52733249e+01 1.01523945e+00 9.84696158e-01 1.395933900432158e+01 9.273049868925440e+00 9.293084734463063e+00 1.262192884497323e+01 1.911230937644484e+01 2.900883111043639e+01 4.267219151964838e+01 6.049333417870672e+01 8.288990662650532e+01
9500 -1.10520920e+04 2.68102415e+01 9.73389839e-01 1.02700815e+00 -5.192247746780354e+00 -4.424419127104498e+00 9.373930384198057e-01 9.989873021370661e+00 2.272609981802539e+01 3.942494012054122e+01 6.044953697981560e+01 8.618443193363439e+01 1.170367142101607e+02
9750 -1.10292981e+04 -6.54226108e+00 1.00637985e+00 9.93297628e-01 6.907756770869945e+00 2.575903504536676e+00 4.081817858330473e+00 9.421915367235707e+00 1.827719695578930e+01 3.083784602202933e+01 4.744380808557545e+01 6.847559939675052e+01 9.434189912758910e+01
10000 -1.10125278e+04 8.15411603e+00 9.91715722e-01 1.00802145e+00 1.811360810625884e+01 1.654003383518399e+01 1.951997841585751e+01 2.604401336733800e+01 3.607565694727978e+01 4.988549013877055e+01 6.783417632876161e+01 9.030563912283966e+01 1.177078716397219e+02
10250 -1.09896007e+04 -7.45758107e-01 1.00051975e+00 9.99028572e-01 8.114501187552689e+00 3.736065083891648e+00 6.296851411917730e+00 1.302232876469378e+01 2.338909710987324e+01 3.752988439231089e+01 5.576809285654926e+01 7.847960581856137e+01 1.060727938099913e+02
10500 -1.09719081e+04 -1.10647002e+01 1.01093397e+00 9.88808324e-01 -1.367022203407826e+01 -1.838541233156037e+01 -1.756336747081150e+01 -1.311114882421665e+01 -5.334056084836585e+00 5.960326298861715e+00 2.111344482109713e+01 4.050797699633396e+01 6.455671841674858e+01
10750 -1.09879340e+04 -2.23155269e+01 1.02237402e+00 9.77747654e-01 -8.399703436205217e+00 -1.457258100007980e+01 -1.516630343801406e+01 -1.219532788810287e+01 -5.992974571748769e+00 3.624658595623826e+00 1.699579847981893e+01 3.450127544715422e+01 5.655179791826380e+01
11000 -1.09816381e+04 8.32070095e+00 9.91566804e-01 1.00820593e+00 4.079742507132742e+00 2.530679825618648e+00 5.509868707961830e+00 1.197159924962851e+01 2.186488418546781e+01 3.545442366808849e+01 5.309907836508055e+01 7.518263326373440e+01 1.021117648701565e+02
11250 -1.09893254e+04 6.62749764e+00 9.93190362e-01 1.00644273e+00 -1.053610777471982e+01 -1.305594371070919e+01 -9.937108647261004e+00 -2.971794004049741e+00 7.567838959900255e+00 2.188525250459476e+01 4.032602552003603e+01 6.327398480203937e+01 9.114310162772780e+01
11500 -1.09137640e+04 5.33584620e+00 9.94496181e-01 1.00516597e+00 1.955277419974274e+01 1.701791837944460e+01 1.988157809080472e+01 2.645462172050538e+01 3.650517977675977e+01 5.025018208965888e+01 6.803910694027836e+01 9.025690219821827e+01 1.173152128208125e+02
11750 -1.09629197e+04 1.45233802e+01 9.85391036e-01 1.01443320e+00 2.771126982903962e+01 2.568363549615094e+01 3.001437021373798e+01 3.841961541287283e+01 5.048271352485402e+01 6.636433865658529e+01 8.639842737070542e+01 1.109669321012086e+02 1.404849885572210e+02
12000 -1.09544099e+04 -1.40455167e+01 1.01390795e+00 9.85822546e-01 2.875427998656609e+01 2.258188195495534e+01 2.359630371996966e+01 2.894990445446669e+01 3.805912625000771e+01 5.102411283368117e+01 6.814902632599969e+01 8.979617688951710e+01 1.163638040154147e+02
12250 -1.09119023e+04 1.12368663e+01 9.88682971e-01 1.01115392e+00 -5.331149128767921e+00 -6.304582718543807e+00 -3.068581531038031e+00 3.538296936970820e+00 1.354527903514289e+01 2.724607806729513e+01 4.500974187750613e+01 6.722362503976539e+01 9.429524097578434e+01
12500 -1.09120167e+04 -5.74360821e+00 1.00561737e+00 9.94131721e-01 -2.104186993402068e+00 -5.110227280036521e+00 -4.053325916215677e+00 2.745013652627588e-01 7.899867370209716e+00 1.910962667983724e+01 3.426706667795485e+01 5.375498117516199e+01 7.797854491095121e+01
